0.659501
0.791662
0.600630
0.292493
0.519694
0.101306
0.907380
0.943962
0.945019
0.325523
0.803316
0.032971
0.674944
0.537583
0.300361
0.359247
0.916599
0.219864
1.500260
1.265369
2.000172
2.146717
2.085537
0.116615
0.253148
1.243955
2.181318
2.833042
1.855264
3.916299
3.593398
5.065410
2.899433
1.848224
0.624374
3.749119
4.953263
2.786915
0.617582
1.869245
1.110298
2.088544
3.359607
4.127590
3.668679
7.181603
4.341777
8.068516
5.556024
8.491170
2.169150
6.185200
2.681175
6.310406
6.604676
0.652678
2.468140
2.187569
6.565297
8.348058
3.420928
7.777769
6.744771
0.067144
6.020858
3.862815
9.127724
0.011432
4.571990
4.171670
4.500476
7.460498
3.095477
7.455973
4.427536
0.331712
1.608908
6.504178
4.198053
1.330580
2.916812
5.090508
1.573090
5.922402
1.901541
7.003611
1.999774
5.531377
1.323427
1.954935
0.599655
3.664751
4.193425
3.230911
2.419968
3.516656
3.386622
3.396600
3.036571
4.301925
0.904462
2.914434
0.919464
0.439277
2.107521
1.470217
1.407017
1.902442
2.069750
0.877857
1.544661
0.902018
1.691934
1.549221
0.440838
0.973645
0.852726
0.730849
1.086135
0.305983
0.341327
0.119356
0.883463
0.574400
0.407819
0.525838
0.438839
0.517849
