664.462238
20.519785
24.784743
-3.341071
-31.018564
-9.384607
37.833182
-12.588056
-2.173094
-10.023774
12.745345
27.248489
18.015421
-19.252992
30.628585
-10.287900
1.242529
-67.326723
26.884923
-6.911979
5.447641
13.677365
24.575100
-29.722133
-19.419578
-8.868334
-8.117771
-9.644297
14.965003
12.437868
22.069686
-8.985613
31.142106
64.951295
48.992262
19.327229
17.532915
21.965968
-11.719134
2.725032
22.798516
10.054084
-17.717324
8.841714
23.104744
8.483187
13.846581
10.665198
-9.739233
-18.674271
-13.526108
1.587905
-1.592884
-4.668979
-26.892144
26.893368
-10.750892
43.921557
-8.363049
-7.326249
20.714612
-18.809724
-18.444029
-71.860812
-8.561138
-71.860812
-18.444029
-18.809724
20.714612
-7.326249
-8.363049
43.921557
-10.750892
26.893368
-26.892144
-4.668979
-1.592884
1.587905
-13.526108
-18.674271
-9.739233
10.665198
13.846581
8.483187
23.104744
8.841714
-17.717324
10.054084
22.798516
2.725032
-11.719134
21.965968
17.532915
19.327229
48.992262
64.951295
31.142106
-8.985613
22.069686
12.437868
14.965003
-9.644297
-8.117771
-8.868334
-19.419578
-29.722133
24.575100
13.677365
5.447641
-6.911979
26.884923
-67.326723
1.242529
-10.287900
30.628585
-19.252992
18.015421
27.248489
12.745345
-10.023774
-2.173094
-12.588056
37.833182
-9.384607
-31.018564
-3.341071
24.784743
20.519785
