8.243763
9.826634
7.302488
3.438770
5.840693
1.077690
9.063082
8.796537
8.177606
2.607280
5.943563
0.225126
4.252593
3.127189
1.614847
1.787662
4.228857
0.942293
5.985237
4.709243
6.959493
6.998878
6.385308
0.336038
0.688061
3.195997
5.308643
6.544457
4.076192
8.199812
7.183589
9.686493
5.313339
3.251457
1.056292
6.109587
7.788022
4.234529
0.908233
2.664715
1.536567
2.810053
4.400851
5.271427
4.574244
8.753716
5.180521
9.436226
6.377091
9.576939
2.407070
6.761223
2.890646
6.718082
6.951405
0.679928
2.547902
2.240400
6.678327
8.443922
3.444624
7.805197
6.753321
0.067153
6.021705
3.867712
9.159912
0.011511
4.624492
4.243490
4.609164
7.701597
3.224718
7.847393
4.713572
0.357627
1.758744
7.217580
4.734860
1.527212
3.411246
6.073892
1.917453
7.384268
2.428496
9.174243
2.690616
7.655000
1.886620
2.874982
0.911135
5.762094
6.833632
5.465931
4.257288
6.444428
6.476176
6.790168
6.357867
9.451741
2.089349
7.092817
2.362306
1.193962
6.073039
4.501377
4.587255
6.619448
7.702855
3.502180
6.620096
4.161586
8.419292
8.329168
2.564410
6.134607
5.822492
5.407393
8.699410
2.647790
3.180741
1.192145
9.398295
6.455519
4.794632
6.393170
5.447161
6.473115
