347.257501
-147.892625
10.077432
-0.268809
-13.585456
-6.413225
25.501395
-14.981586
3.969288
-7.848230
3.194288
7.478716
7.585924
-21.337709
23.447539
-12.876353
18.702930
-42.407210
31.588820
-11.695329
1.293857
0.751386
16.977318
-17.243900
-1.532326
1.434823
-0.378460
-6.508043
7.480153
-1.899908
11.408020
-17.009750
3.892036
16.200458
6.965324
-4.824846
-0.104299
10.549206
-12.049665
-0.836230
9.363852
4.054217
-13.788873
3.401674
8.468059
-3.727879
3.081447
5.129328
-3.310299
-5.191364
-3.435528
4.664078
-0.463733
3.900047
-19.212804
23.289206
-22.355672
27.820664
-12.959196
-6.808054
17.195513
-10.964420
10.764354
-32.130338
28.991744
-32.130338
10.764354
-10.964420
17.195513
-6.808054
-12.959196
27.820664
-22.355672
23.289206
-19.212804
3.900047
-0.463733
4.664078
-3.435528
-5.191364
-3.310299
5.129328
3.081447
-3.727879
8.468059
3.401674
-13.788873
4.054217
9.363852
-0.836230
-12.049665
10.549206
-0.104299
-4.824846
6.965324
16.200458
3.892036
-17.009750
11.408020
-1.899908
7.480153
-6.508043
-0.378460
1.434823
-1.532326
-17.243900
16.977318
0.751386
1.293857
-11.695329
31.588820
-42.407210
18.702930
-12.876353
23.447539
-21.337709
7.585924
7.478716
3.194288
-7.848230
3.969288
-14.981586
25.501395
-6.413225
-13.585456
-0.268809
10.077432
-147.892625
