0.651779
0.729732
0.104447
0.776894
0.562661
0.091690
0.278828
0.586862
1.106512
1.204679
0.213026
1.421471
1.519152
0.834390
1.488518
0.285134
0.914162
2.136677
1.985747
2.578147
1.884612
0.109536
2.773383
3.241228
2.497172
2.949298
3.053527
1.697918
2.983383
0.817602
3.531807
0.166465
1.511139
0.262452
0.574146
5.053109
4.419182
2.086960
6.461335
0.241633
3.170295
2.835896
5.843950
6.226510
1.498774
4.018058
3.734443
5.526348
6.180323
6.691254
2.487421
6.217954
6.076263
1.527439
1.130622
4.783906
9.296992
3.323591
5.753622
2.212710
7.460991
2.541987
5.053165
6.989783
8.907779
9.580769
5.452926
1.376708
1.475991
2.531500
8.208924
2.463219
7.816497
2.313782
8.728727
3.246222
1.798463
2.262662
5.462017
4.123516
3.006891
6.963147
4.801543
4.408946
7.181735
2.182093
5.627816
5.446323
2.668752
3.861083
0.499228
0.343128
3.257214
4.605656
5.309191
0.708884
2.974581
2.348001
0.056845
1.534401
0.702074
3.263710
1.211320
1.944555
0.574849
1.966163
0.806594
1.879836
1.851913
1.875317
1.051245
0.181682
0.460150
1.698803
0.261947
1.310682
0.788423
1.346350
0.097603
0.511567
0.114450
0.963036
0.004356
0.689500
0.695177
0.714502
0.068024
0.319826
