8.147237
9.057919
1.269868
9.133759
6.323592
0.975404
2.784982
5.468815
9.575068
9.648885
1.576131
9.705928
9.571669
4.853756
8.002805
1.418863
4.217613
9.157355
7.922073
9.594924
6.557407
0.357117
8.491293
9.339932
6.787352
7.577401
7.431325
3.922270
6.554779
1.711867
7.060461
0.318328
2.769230
0.461714
0.971318
8.234578
6.948286
3.170995
9.502220
0.344461
4.387444
3.815585
7.655168
7.951999
1.868726
4.897644
4.455862
6.463130
7.093648
7.546867
2.760251
6.797027
6.550980
1.626117
1.189977
4.983641
9.597440
3.403857
5.852678
2.238119
7.512671
2.550951
5.059571
6.990767
8.909033
9.592914
5.472155
1.386244
1.492940
2.575083
8.407173
2.542822
8.142848
2.435250
9.292636
3.499838
1.965953
2.510839
6.160447
4.732888
3.516595
8.308286
5.852641
5.497236
9.171937
2.858390
7.572002
7.537291
3.804458
5.678216
0.758543
0.539501
5.307976
7.791672
9.340107
1.299062
5.688237
4.693906
0.119021
3.371226
1.621823
7.942845
3.112150
5.285331
1.656487
6.019819
2.629713
6.540791
6.892145
7.481516
4.505416
0.838214
2.289770
9.133374
1.523780
8.258170
5.383424
9.961347
0.781755
4.426783
1.066528
9.618981
0.046342
7.749105
8.173032
8.686947
0.844358
3.997826
