8.147237
9.057919
1.269868
9.133759
6.323592
0.975404
2.784982
5.468815
9.575068
9.648885
1.576131
9.705928
9.571669
4.853756
8.002805
1.418863
4.217613
9.157355
7.922073
9.594924
6.557407
0.357117
8.491293
9.339932
6.787352
7.577401
7.431325
3.922270
6.554779
1.711867
7.060461
0.318328
2.769230
0.461714
0.971318
8.234578
6.948286
3.170995
9.502220
0.344461
4.387444
3.815585
7.655168
7.951999
1.868726
4.897644
4.455862
6.463130
7.093648
7.546867
2.760251
6.797027
6.550980
1.626117
1.189977
4.983641
9.597440
3.403857
5.852678
2.238119
7.512671
2.550951
5.059571
6.990767
8.909033
9.592914
5.472155
1.386244
1.492940
2.575083
8.407173
2.542822
8.142848
2.435250
9.292636
3.499838
1.965953
2.510839
6.160447
4.732888
3.516595
8.308286
5.852641
5.497236
9.171937
2.858390
7.572002
7.537291
3.804458
5.678216
0.758543
0.539501
5.307976
7.791672
9.340107
1.299062
5.688237
4.693906
0.119021
3.371226
1.621823
7.942845
3.112150
5.285331
1.656487
6.019819
2.629713
6.540791
6.892145
7.481516
4.505416
0.838214
2.289770
9.133374
1.523780
8.258170
5.383424
9.961347
0.781755
4.426783
1.066528
9.618981
0.046342
7.749105
8.173032
8.686947
0.844358
3.997826
2.598704
8.000685
4.314138
9.106476
1.818470
2.638029
1.455390
1.360686
8.692922
5.797046
5.498602
1.449548
8.530311
6.220551
3.509524
5.132495
4.018080
0.759667
2.399162
1.233189
1.839078
2.399525
4.172671
0.496544
9.027161
9.447872
4.908641
4.892526
3.377194
9.000538
3.692468
1.112028
7.802521
3.897388
2.416913
4.039121
0.964545
1.319733
9.420506
9.561345
5.752086
0.597795
2.347799
3.531586
8.211940
0.154034
0.430238
1.689900
6.491155
7.317224
6.477460
4.509237
5.470089
2.963208
7.446928
1.889550
6.867754
1.835112
3.684846
6.256186
7.802274
0.811258
9.293860
7.757127
4.867916
4.358586
4.467837
3.063495
5.085087
5.107716
8.176277
7.948314
6.443181
3.786094
8.115805
5.328256
3.507271
9.390016
8.759428
5.501563
6.224751
5.870447
2.077423
3.012463
4.709233
2.304882
8.443088
1.947643
2.259218
1.707080
2.276643
4.356987
3.111023
9.233796
4.302074
1.848163
9.048810
9.797484
4.388700
1.111192
2.580647
4.087198
5.948961
2.622117
6.028431
7.112158
2.217467
1.174177
2.966759
3.187783
4.241668
5.078583
0.855158
2.624822
8.010146
0.292203
9.288541
7.303309
4.886090
5.785251
2.372836
4.588488
9.630885
5.468057
5.211358
2.315944
4.888977
6.240601
6.791355
3.955152
3.674366
9.879820
0.377389
8.851680
9.132868
7.961839
0.987123
2.618712
3.353568
6.797280
1.365531
7.212275
1.067619
6.537573
4.941739
7.790517
7.150371
9.037206
8.909225
3.341631
6.987458
1.978098
0.305409
7.440743
5.000224
4.799221
9.047222
6.098666
6.176664
8.594423
8.054894
5.767215
1.829225
2.399320
8.865119
0.286742
4.899014
1.679271
9.786806
7.126945
5.004716
4.710884
0.596189
6.819719
0.424311
0.714455
5.216498
0.967300
8.181486
8.175471
7.224396
1.498654
6.596053
5.185949
9.729746
6.489915
8.003306
4.537977
4.323915
8.253138
0.834698
1.331710
1.733886
3.909378
8.313797
8.033644
0.604712
3.992578
5.268758
4.167995
6.568599
6.279734
2.919841
4.316512
0.154871
9.840637
1.671684
1.062163
3.724097
1.981184
4.896876
3.394934
9.516305
9.203320
0.526770
7.378581
2.691194
4.228356
5.478709
9.427370
4.177441
9.830525
3.014549
7.010988
6.663389
5.391265
6.981055
6.665279
1.781325
1.280144
9.990804
1.711211
0.326008
5.611998
8.818665
6.691753
1.904333
3.689165
4.607259
9.816380
1.564050
8.555228
6.447645
3.762722
1.909237
4.282530
4.820221
1.206116
5.895075
2.261877
3.846191
5.829864
2.518061
2.904407
6.170909
2.652809
8.243763
9.826634
7.302488
3.438770
5.840693
1.077690
9.063082
8.796537
8.177606
2.607280
5.943563
0.225126
4.252593
3.127189
1.614847
1.787662
4.228857
0.942293
5.985237
4.709243
6.959493
6.998878
6.385308
0.336038
0.688061
3.195997
5.308643
6.544457
4.076192
8.199812
7.183589
9.686493
5.313339
3.251457
1.056292
6.109587
7.788022
4.234529
0.908233
2.664715
1.536567
2.810053
4.400851
5.271427
4.574244
8.753716
5.180521
9.436226
6.377091
9.576939
2.407070
6.761223
2.890646
6.718082
6.951405
0.679928
2.547902
2.240400
6.678327
8.443922
3.444624
7.805197
6.753321
0.067153
6.021705
3.867712
9.159912
0.011511
4.624492
4.243490
4.609164
7.701597
3.224718
7.847393
4.713572
0.357627
1.758744
7.217580
4.734860
1.527212
3.411246
6.073892
1.917453
7.384268
2.428496
9.174243
2.690616
7.655000
1.886620
2.874982
0.911135
5.762094
6.833632
5.465931
4.257288
6.444428
6.476176
6.790168
6.357867
9.451741
2.089349
7.092817
2.362306
1.193962
6.073039
4.501377
4.587255
6.619448
7.702855
3.502180
6.620096
4.161586
8.419292
8.329168
2.564410
6.134607
5.822492
5.407393
8.699410
2.647790
3.180741
1.192145
9.398295
6.455519
4.794632
6.393170
5.447161
6.473115
5.438859
7.210466
5.224953
9.937046
2.186766
1.057983
1.096975
0.635914
4.045800
4.483729
3.658162
7.635046
6.278964
7.719804
9.328536
9.727409
1.920283
1.388742
6.962663
0.938200
5.254044
5.303442
8.611398
4.848533
3.934564
6.714311
7.412579
5.200525
3.477127
1.499973
5.860921
2.621453
0.444541
7.549333
2.427854
4.424023
6.877961
3.592282
7.363401
3.947075
6.834159
7.040474
4.423054
0.195776
3.308579
4.243095
2.702704
1.970538
8.217212
4.299214
8.877710
3.911830
7.691144
3.967915
8.085141
7.550771
3.773955
2.160189
7.904072
9.493039
3.275654
6.712644
4.386450
8.335006
7.688543
1.672535
8.619805
9.898722
5.144235
8.842810
5.880261
1.547523
1.998628
4.069548
7.487057
8.255838
7.899630
3.185242
5.340641
0.899507
1.117057
1.362925
6.786523
4.951770
1.897104
4.950058
1.476082
0.549741
8.507127
5.605595
9.296089
6.966672
5.827910
8.153972
8.790139
9.889116
0.005224
8.654386
6.125665
9.899502
5.276801
4.795234
8.013476
2.278429
4.980943
9.008525
5.746612
8.451782
7.386403
5.859870
2.467345
6.664162
0.834828
6.259598
6.609446
7.297519
8.907521
9.823032
7.690291
5.814465
9.283131
5.800904
0.169829
1.208596
8.627107
4.842965
8.448557
2.094051
5.522913
6.298834
0.319910
6.147134
3.624115
0.495326
4.895700
1.925104
1.230837
2.054942
1.465149
1.890722
0.426524
6.351979
2.818669
5.385967
6.951630
4.991160
5.358011
4.451832
1.239323
4.903573
8.529982
8.739274
2.702943
2.084614
5.649796
6.403118
4.170290
2.059755
9.479331
0.820712
1.057094
1.420411
1.664604
6.209586
5.737098
0.520779
9.312014
7.286617
7.378417
0.634045
8.604406
9.344051
9.843983
8.589388
7.855590
5.133774
1.776025
3.985895
1.339313
0.308895
9.391417
3.013061
2.955338
3.329363
4.670682
6.481984
0.252282
8.422066
5.590325
8.540999
3.478792
4.460266
0.542395
1.771075
6.628081
3.308290
8.984861
1.181552
9.884179
5.399821
7.069174
9.994916
2.878493
4.145225
4.648399
7.639571
8.182040
1.002215
1.781170
3.596349
0.567047
5.218857
3.358490
1.756690
2.089467
9.051536
6.753912
4.684682
9.121325
1.040116
7.455461
7.362675
5.618614
1.841941
5.972114
2.999370
1.341229
2.126015
8.949417
0.714528
2.424866
0.537544
4.417221
0.132832
8.971914
1.966582
0.933705
3.073669
4.560577
1.016694
9.953897
3.320928
2.973468
0.620452
2.982440
0.463513
5.054281
7.614259
6.310700
0.898917
0.808624
7.772405
9.051347
5.337720
1.091542
8.258089
3.380977
2.939731
7.463134
0.103366
0.484473
6.679161
6.034680
5.261025
7.297094
7.072535
7.813771
2.879770
6.925320
5.566698
3.965208
0.615907
7.801755
3.375839
6.078659
7.412540
1.048132
1.278884
5.495401
4.852294
8.904757
7.989603
7.343411
0.513319
0.728853
0.885275
7.983509
9.430081
6.837156
1.320830
7.227245
1.103535
1.174929
6.407179
3.288142
6.538120
7.491315
5.831857
7.400323
2.348269
7.349575
9.705985
8.669303
0.862345
3.664366
3.691988
6.850285
5.979416
7.893639
3.676529
2.060279
0.866665
7.719339
2.056745
3.882716
5.517785
2.289533
6.419406
4.844804
1.518455
7.819320
1.006063
2.940663
2.373730
5.308723
0.914987
4.053154
1.048462
1.122840
7.844279
2.915703
6.035334
9.644227
4.324850
6.947522
7.580993
4.326423
6.554980
1.097551
9.337598
1.874608
2.661788
7.978303
4.876038
7.689583
3.960067
2.729388
0.372346
6.732949
4.295645
4.517392
6.098572
0.594033
3.158114
7.727221
6.964330
1.253322
1.301515
0.923523
0.078203
4.231094
6.555732
7.229225
5.312093
1.088179
6.317664
1.264999
1.343033
0.985941
1.420272
1.682513
1.962489
3.174798
3.164290
2.175633
2.510418
8.929224
7.032232
5.557379
1.844337
2.120308
0.773468
9.138004
7.067152
5.577890
3.134290
1.662036
6.224973
9.879347
1.704320
2.577923
3.967993
0.739948
6.840961
4.023883
9.828352
4.021840
6.206719
1.543698
3.813452
1.611340
7.581124
8.711111
3.507767
6.855357
2.941486
5.306293
8.324234
5.974902
3.353113
2.992250
4.525925
4.226457
3.596063
5.583192
7.425454
4.243348
4.293558
1.248728
0.244340
2.901853
3.175206
6.536901
9.569359
9.357309
4.578863
2.404784
7.638979
7.593274
7.406481
7.436883
1.059204
6.815604
4.632606
2.121632
0.985187
8.235745
1.750097
1.635699
6.659872
8.943894
5.165582
7.027023
1.535904
9.534571
5.408841
6.797339
0.365630
8.092039
7.486189
1.201870
5.250452
3.258336
5.464494
3.988808
4.150934
1.807378
2.553867
0.205358
9.236756
6.536999
9.326136
1.635124
9.210973
7.946579
5.773942
4.400356
2.576137
7.519464
2.286695
0.641871
7.673295
6.712022
7.152125
6.420608
4.190483
3.907621
8.161401
3.174279
8.145398
7.890735
8.522639
5.056366
6.356614
9.508944
4.439642
0.600188
8.667499
6.311887
3.550737
9.970033
2.241715
6.524511
6.049906
3.872454
1.421872
0.251350
4.211123
1.841003
7.257753
3.703627
8.415601
7.342297
5.710259
1.768551
9.573840
2.653220
9.245809
2.237704
3.735638
0.875003
6.401165
1.806169
0.450511
7.231735
3.474376
6.606168
3.838686
6.273465
0.216498
9.105700
8.005587
7.458475
8.131128
3.833063
6.172792
5.754949
5.300517
2.750698
2.486290
4.516388
2.277128
8.044496
9.861042
0.299920
5.356642
0.870772
8.020914
9.891449
0.669463
9.393984
0.181775
6.838386
7.837365
5.341376
8.853595
8.990049
6.259376
1.378690
2.178016
1.821411
0.418199
1.069417
6.164435
9.396610
3.544557
4.106291
9.843494
9.455792
6.766447
9.883023
7.668314
3.366993
6.623819
2.441653
2.955073
6.801784
5.278468
4.115935
6.026382
7.505201
5.835332
5.517925
5.835706
5.118199
0.825927
7.195701
9.961561
3.545343
9.712588
3.464488
8.865439
4.546949
4.134273
2.177321
1.256546
3.089146
7.261044
7.828721
6.937876
0.098023
8.432133
9.223320
7.709542
0.426599
3.781861
7.043396
7.295130
2.242771
2.690547
6.730312
4.774922
6.237164
2.364449
1.771238
8.296434
7.669217
9.344783
1.078889
1.822275
0.990953
4.897638
1.932453
8.958916
0.990896
0.441656
5.572952
7.724951
3.119401
1.789825
3.389557
2.101456
5.101525
9.063643
6.289239
1.015339
3.908548
0.546166
5.012829
4.317212
9.975603
8.116026
4.856517
8.944478
1.375466
3.900049
9.273562
9.174938
7.135740
6.183374
3.432879
9.360273
1.247740
7.305854
6.464774
8.331520
3.982822
7.498222
8.352205
3.224604
5.522616
9.791291
5.493085
3.304236
6.194716
3.606366
7.565095
4.139007
4.923451
6.947432
9.727339
3.277550
8.378032
7.390722
9.541745
0.319226
3.568690
6.626538
2.815016
2.303831
7.111286
6.245729
5.906087
6.604380
0.475547
3.487848
4.513406
2.409050
7.150450
8.561823
2.815077
7.310508
1.377629
8.367228
1.386017
5.882094
3.661568
8.067595
5.037808
4.895943
8.770487
3.531418
4.494436
9.635303
0.422978
9.729583
1.892068
6.671203
5.864396
6.751124
3.610220
6.202784
8.111509
0.192575
0.838735
9.748017
6.513495
2.312378
4.034911
1.220205
2.684388
2.578462
3.316652
1.522340
3.480077
1.216585
8.841531
0.942784
9.300406
3.990200
0.474015
3.423735
7.359662
7.946822
5.449059
6.862235
8.936327
0.547918
3.036614
0.461916
1.954768
7.201658
7.217533
8.777991
5.824330
0.706843
9.227446
8.003721
2.859469
5.436632
9.847762
7.156781
8.389696
4.332606
4.706247
5.607134
2.690915
7.490185
5.038878
6.468097
3.077456
1.387246
4.755729
3.624593
7.881134
7.802958
6.685122
1.335039
0.215559
5.598407
3.008190
9.394097
9.809036
2.866204
8.008203
8.961114
5.975266
8.840167
